Graph: 13 nodes
-----------------------
[0,1,0,0,0,0,0,0,0,0,0,1,1]
[1,0,1,0,0,1,0,0,1,0,0,0,0]
[0,1,0,1,0,0,0,0,0,0,1,0,0]
[0,0,1,0,1,0,0,0,0,0,0,0,1]
[0,0,0,1,0,1,0,0,0,0,0,1,0]
[0,1,0,0,1,0,1,0,0,0,0,0,0]
[0,0,0,0,0,1,0,1,0,0,0,0,1]
[0,0,0,0,0,0,1,0,1,0,0,1,0]
[0,1,0,0,0,0,0,1,0,1,0,0,0]
[0,0,0,1,0,0,0,0,1,0,1,0,1]
[0,0,1,0,0,0,0,0,0,1,0,1,0]
[1,0,0,0,1,0,0,1,0,0,1,0,0]
[1,0,0,0,0,0,1,0,0,1,0,0,0]
-----------------------
Automorphism: 2x5
-----------------------
[2,12]
[3,11]
[4,10]
[5,9]
[6,8]
-----------------------
